100 36
1 2 6245
2 3 9634
3 4 4403
3 5 1991
1 6 1564
1 7 1863
1 8 9282
7 9 6483
7 10 6173
6 11 5701
1 12 6490
7 13 6861
6 14 5994
5 15 6362
6 16 800
14 17 436
2 18 9269
5 19 6356
7 20 2286
17 21 9235
2 22 596
7 23 4654
2 24 3003
18 25 5406
17 26 2543
25 27 7637
5 28 7652
1 29 6842
20 30 5597
15 31 74
2 32 1723
4 33 254
19 34 2481
13 35 5540
30 36 5714
30 37 7585
22 38 9851
31 39 9629
20 40 9078
1 41 1799
18 42 3674
7 43 7694
29 44 8123
21 45 7869
1 46 5609
6 47 5692
21 48 5039
24 49 8577
33 50 4090
18 51 7859
20 52 3094
12 53 8797
13 54 7712
24 55 8097
52 56 3316
20 57 8719
41 58 6000
27 59 1231
30 60 7508
56 61 4244
27 62 5259
53 63 1616
30 64 6733
32 65 8815
31 66 7999
27 67 120
18 68 9809
15 69 6005
53 70 1156
38 71 9078
34 72 9069
26 73 8208
15 74 8285
60 75 5191
42 76 942
15 77 6325
22 78 9552
23 79 8683
32 80 2633
10 81 950
73 82 8312
57 83 1335
51 84 1474
43 85 8785
43 86 4177
63 87 1512
43 88 8290
58 89 4705
51 90 7387
77 91 7693
22 92 6214
31 93 344
72 94 8442
25 95 9761
66 96 7571
32 97 6016
81 98 9819
40 99 1479
1 100 4428
