360 957
263 263
14 14
351 351
276 278
13 17
38 45
154 154
222 226
106 112
260 264
68 71
277 278
1 9
152 156
96 97
357 357
42 51
350 350
167 175
269 275
125 134
243 253
264 273
76 77
299 306
305 305
50 56
32 34
357 357
291 292
166 169
117 121
129 132
67 73
345 355
58 64
58 63
124 132
149 157
95 101
181 182
267 270
189 192
290 293
201 211
80 80
113 119
282 291
273 283
161 168
88 98
115 123
344 347
36 38
304 307
131 132
130 138
265 270
19 27
94 101
211 213
282 291
221 226
11 14
31 41
163 164
52 56
306 310
322 326
91 98
256 262
141 149
316 323
16 24
45 51
302 304
355 357
92 99
180 185
204 214
113 122
290 294
19 22
128 138
156 162
164 169
140 146
35 35
247 248
160 162
280 286
143 149
149 156
336 339
106 111
16 18
4 8
109 118
78 81
224 234
93 102
50 51
156 165
13 20
335 341
216 219
166 172
259 267
36 44
70 78
331 338
79 82
164 172
184 188
53 57
73 76
114 119
10 16
152 161
293 299
30 33
209 217
335 335
174 180
158 159
243 250
204 208
38 41
212 221
132 139
259 259
48 49
252 256
138 144
303 305
112 120
249 256
230 238
353 1
170 179
88 89
173 183
132 134
171 172
296 296
358 2
153 163
43 44
14 15
67 69
351 353
360 4
326 328
11 14
295 301
53 56
269 272
304 307
102 103
193 197
7 11
267 268
349 353
262 269
211 212
323 324
100 108
122 132
259 264
191 192
11 14
26 26
157 158
138 142
238 239
186 188
153 159
221 227
357 3
134 135
338 346
125 134
298 301
140 150
226 231
48 50
117 126
52 52
258 263
288 288
326 328
61 63
230 234
324 328
216 217
121 122
185 186
112 121
173 182
308 308
102 110
355 2
226 229
46 51
194 194
206 213
207 212
154 154
170 172
323 327
85 89
347 348
265 268
245 245
77 79
79 84
103 109
348 352
38 46
90 93
74 83
150 156
233 243
345 347
183 183
92 100
187 195
254 259
38 44
17 25
48 50
135 145
74 77
348 353
278 282
154 155
111 118
127 129
360 9
308 310
1 7
112 112
294 300
248 256
305 306
237 247
112 118
173 174
319 326
253 261
93 96
225 233
137 144
348 349
326 335
75 85
38 48
104 112
236 238
348 358
10 18
343 351
5 9
156 158
87 94
103 110
193 193
272 279
52 54
66 75
252 254
109 109
94 103
303 306
97 106
273 283
13 19
355 355
101 104
229 229
27 28
42 52
290 300
104 104
89 89
182 182
122 126
17 21
350 360
120 126
215 215
40 42
30 35
255 256
285 287
61 71
335 341
197 199
188 197
136 137
108 113
78 83
300 303
91 101
346 348
34 38
265 272
149 150
209 213
125 130
209 217
36 38
202 204
79 86
60 62
51 59
82 87
18 20
340 345
74 74
128 135
41 41
221 227
104 105
346 347
256 264
356 1
276 283
286 287
118 120
99 108
18 25
40 40
35 45
126 135
238 240
219 228
267 276
328 338
337 341
130 131
327 329
94 96
198 202
325 333
208 210
52 53
161 167
356 2
259 263
144 153
159 166
227 232
235 239
91 95
321 322
332 333
173 180
144 153
93 102
139 146
83 93
214 214
157 164
213 221
216 220
235 238
157 164
170 173
67 67
120 128
132 141
333 340
211 220
312 314
213 223
180 185
264 264
187 191
274 276
30 35
192 197
65 67
183 188
232 234
7 14
142 144
145 145
34 40
59 68
134 138
328 329
290 295
203 211
1 7
198 208
106 107
36 44
342 350
140 149
349 350
208 209
130 130
21 26
44 47
360 5
50 53
157 161
183 188
177 180
94 104
253 261
19 27
140 140
173 176
326 328
265 271
131 138
93 95
159 161
73 80
133 139
301 311
351 358
5 14
292 300
337 338
48 48
117 126
196 201
281 291
331 332
19 25
69 71
143 152
163 173
297 302
97 99
118 123
148 151
53 57
157 161
85 95
61 63
123 129
273 283
343 352
93 94
101 103
165 172
22 32
170 175
264 270
102 102
81 84
308 308
212 215
31 33
193 193
260 266
217 217
191 194
333 333
346 351
340 347
297 307
78 80
293 293
60 63
277 285
138 142
321 325
164 174
144 147
30 40
17 27
135 138
333 338
151 153
114 116
288 289
161 168
113 122
97 100
142 146
158 164
355 355
56 56
34 36
263 273
228 230
9 17
238 242
247 249
232 238
147 150
301 308
97 103
59 63
129 134
324 330
14 24
162 171
263 270
225 227
6 9
170 173
101 101
36 46
136 141
64 64
24 26
127 137
226 230
92 94
70 79
191 197
136 145
219 222
170 179
177 182
249 256
294 303
357 7
287 293
191 191
146 146
350 358
322 328
164 164
24 32
73 83
330 337
124 134
25 27
75 83
106 116
232 234
80 86
3 6
209 213
158 159
203 204
48 49
310 313
336 344
262 263
349 353
243 248
198 199
16 25
285 294
79 84
79 84
41 48
178 187
205 205
213 220
68 78
300 305
207 212
200 210
289 290
220 222
47 55
21 21
255 262
344 352
57 61
254 264
205 215
10 15
102 112
301 303
333 337
245 255
32 34
310 318
157 165
216 226
152 158
355 358
353 353
105 110
92 96
31 34
72 76
159 168
291 292
27 35
228 232
107 114
252 255
102 111
68 74
121 127
207 208
279 282
283 283
97 106
36 41
321 328
148 156
144 147
333 336
27 36
59 66
302 302
163 169
354 356
151 160
121 123
266 272
26 30
163 173
346 347
148 153
249 254
341 345
54 62
31 37
28 33
89 92
216 221
313 321
279 287
30 40
270 276
106 109
295 298
261 262
67 74
206 212
136 142
224 231
166 174
255 261
311 312
143 153
166 176
268 275
223 229
270 277
80 88
189 191
52 60
345 354
293 299
95 99
288 290
117 127
59 63
323 332
85 95
71 79
162 166
94 103
50 56
108 111
52 56
30 30
135 141
144 144
316 325
67 74
348 349
229 230
314 323
256 256
8 13
162 169
57 67
131 141
14 19
143 147
241 248
23 25
166 167
220 227
61 62
177 183
140 150
45 55
279 280
48 53
163 166
304 306
183 185
286 286
300 305
279 280
337 338
224 230
35 36
15 21
216 221
347 353
99 103
301 309
211 220
262 268
246 248
299 305
242 243
1 6
149 150
303 303
355 360
336 342
257 264
272 275
97 102
223 231
226 236
229 237
332 333
221 222
158 167
52 55
42 48
253 263
64 64
321 323
278 280
247 255
204 206
168 177
99 109
52 55
39 45
203 208
257 263
242 244
273 274
188 195
31 33
23 30
26 27
10 15
40 41
185 186
238 246
117 124
294 297
268 277
48 55
90 93
14 23
257 257
146 148
272 272
50 53
302 304
195 205
318 319
128 132
251 255
352 2
171 174
338 348
120 129
117 127
334 337
317 322
332 341
129 138
150 155
235 235
274 283
214 214
76 81
203 205
95 104
319 319
187 189
67 77
334 344
47 48
332 338
47 56
240 242
267 271
154 161
302 306
212 222
100 100
173 174
280 280
76 80
90 91
172 180
158 159
319 324
82 88
356 359
245 249
337 341
269 272
69 79
13 22
29 30
148 152
24 27
263 271
314 320
356 1
52 61
165 173
277 282
182 183
12 13
184 191
315 325
280 287
240 246
158 165
241 250
33 36
174 181
146 146
315 321
247 247
79 87
117 117
299 299
230 237
32 32
344 350
138 146
221 230
253 260
29 29
283 286
31 35
111 118
276 285
159 161
85 86
108 112
183 184
233 234
217 219
325 327
29 29
15 21
86 93
238 241
300 307
279 289
266 275
42 47
135 142
132 134
67 67
110 120
318 322
270 280
38 40
271 278
104 106
256 261
275 282
357 358
348 352
258 262
175 176
283 287
179 183
248 249
27 37
244 249
142 147
283 288
46 52
76 86
115 116
50 60
48 52
143 148
62 72
103 109
250 260
57 63
234 243
255 258
233 235
340 343
210 211
151 160
89 90
32 33
196 198
98 105
248 258
84 87
106 113
212 220
175 176
236 238
175 184
6 6
304 311
229 235
153 153
59 65
245 252
260 260
345 351
101 107
349 352
315 323
186 186
240 243
330 332
9 16
104 113
188 191
76 78
109 110
233 243
149 157
328 336
212 219
208 213
183 183
356 357
295 297
354 359
155 163
37 47
97 100
61 64
1 4
290 296
342 350
184 190
155 158
41 47
334 338
326 326
154 163
325 330
357 3
109 109
191 198
301 305
1 2
316 321
330 339
45 53
276 282
27 34
332 336
1 5
175 185
357 358
223 229
