24594
407913
3539251
14747069
1006363
6549864
446081
96111
989
83
91488
4625
2851023
25209
274657
4569
43449
33535001
10219554
409267
2349959
1116714
1227445
3991
16452522
2028244
2179615
1112022
598219
28875608
78
715
47219
263
4112
1327909
1857771
267
112476
359024
4065
2702234
29590590
449475
166108
1020933
1970576
45550
587149
7184
256
30
7647604
23763
17411
110409
9243494
3917
502359
196984
8405
1312123
899363
18071
25796
24791
16371
7268
5278322
35721
26856414
25019
7804
223558
733767
11593294
16666
7383
10983
12678
181
2486250
114329
17667401
5472965
233828
2
7677675
7169117
4232
2402
3743480
12171
77115
197024
64
1016569
2142266
2522737
3734
363338
12545
84
271543
114837
235
884
6324584
5309220
77111
76913
5309832
910
1222
8814463
5584932
120392
285
885056
4347
23620
58707
17392
117289
734120
11707
5977837
2003643
87
72913
43344
2178
61265
194619
1827
51
33441884
9719755
1212556
1461090
8911188
1028
2436
2024358
23
11426
15972246
1175934
954
8386
224972
6510472
11081
8517
423694
543408
2536781
983
841
776
230
1436973
1143
2622083
76624
12870
395660
87241
26794
3482
467559
3966158
17139
89751
36047
1315407
811454
5217502
97
2085
4361
818313
147304
7044
45
7302
370
3260396
302
12928
322
356903
1144
82
62259717
135286
3280548
62264937
95585
533798
57436
83
39689911
21485699
61131
277511
30571
1332
8398362
354256
72595
1052
3751
3272459
364442
19858599
916043
608348
1457481
702
18042
108695
410040
2668833
316569
109195
142755
10818
342
157191
90
144045
649343
24773
3024735
17153
736473
824230
327385
1094366
32696
4510
7639118
139027
576866
25095280
773
27818781
674795
1110
534726
1117151
1171
1835271
48
312210
38657266
958
92354
1711703
59472
641315
3541913
1009
37531912
16062478
13673887
788
135405
73550
1186851
56713
7582
134074
312719
1985476
11648
11669438
164750
801
23491
8463266
69286
355907
905928
736854
2859471
94
473732
3509897
60585
3922
7165374
736337
379
18247
531363
6
24758
25069882
